[gd_scene load_steps=13 format=3 uid="uid://ctshvcnrstxi7"]

[ext_resource type="PackedScene" uid="uid://dbv7xdy8lndo4" path="res://modules/door end.tscn" id="1_ijqcc"]
[ext_resource type="PackedScene" uid="uid://pwxa7xnqc2c5" path="res://modules/turn.tscn" id="2_10hju"]
[ext_resource type="PackedScene" uid="uid://b4pp12a0kbppq" path="res://assets/door.tscn" id="3_b0bht"]
[ext_resource type="PackedScene" uid="uid://m41xpalsgbit" path="res://assets/random_task_spawner.tscn" id="5_14gtu"]
[ext_resource type="PackedScene" uid="uid://cb2uhy2hjanwe" path="res://modules/props/desk.tscn" id="6_l6avw"]
[ext_resource type="PackedScene" uid="uid://c087u4snuwr1t" path="res://modules/props/pillar.tscn" id="7_56xc7"]
[ext_resource type="PackedScene" uid="uid://bdf3315bjmc3f" path="res://modules/T split.tscn" id="8_72xlt"]
[ext_resource type="PackedScene" uid="uid://b6dxmnwdfk0r8" path="res://modules/props/big table.tscn" id="8_s1uaf"]
[ext_resource type="PackedScene" uid="uid://d0pwmj4ojxd1w" path="res://modules/dead end.tscn" id="9_40buo"]
[ext_resource type="ArrayMesh" uid="uid://6gffv323ures" path="res://meshes/assets_corkboard.res" id="10_2hwou"]
[ext_resource type="ArrayMesh" uid="uid://3ir6c3x2f35o" path="res://meshes/assets_paper arrow.res" id="11_w72f4"]

[sub_resource type="Curve3D" id="Curve3D_s1uaf"]
_data = {
"points": PackedVector3Array(0, 0, 0, 0, 0, 0, 0, 0, 0, 0, 0, 0, 0, 0, 0, 12, 0, 0, 0, 0, 0, 0, 0, 0, 12, 0, -16, 0, 0, 0, 0, 0, 0, 0, 0, -16),
"tilts": PackedFloat32Array(0, 0, 0, 0)
}
point_count = 4

[node name="LoopLeft" type="Node3D"]

[node name="DoorEnd" parent="." instance=ExtResource("1_ijqcc")]
transform = Transform3D(1, 0, 0, 0, 1, 0, 0, 0, 1, 4, 0, 0)

[node name="Turn" parent="." instance=ExtResource("2_10hju")]
transform = Transform3D(-4.37114e-08, 0, 1, 0, 1, 0, -1, 0, -4.37114e-08, 12, 0, 0)

[node name="Turn2" parent="." instance=ExtResource("2_10hju")]
transform = Transform3D(-1, 0, -8.74228e-08, 0, 1, 0, 8.74228e-08, 0, -1, 12, 0, -16)

[node name="DoorEnd2" parent="." instance=ExtResource("1_ijqcc")]
transform = Transform3D(1, 0, 0, 0, 1, 0, 0, 0, 1, 4, 0, -16)

[node name="Door" parent="." instance=ExtResource("3_b0bht")]
transform = Transform3D(-1, 0, -8.74228e-08, 0, 1, 0, 8.74228e-08, 0, -1, 0, 0, -16)

[node name="RandomTaskSpawner" parent="." instance=ExtResource("5_14gtu")]
transform = Transform3D(0.707107, 0, 0.707107, 0, 1, 0, -0.707107, 0, 0.707107, 14, 0, 2)

[node name="RandomTaskSpawner2" parent="." instance=ExtResource("5_14gtu")]
transform = Transform3D(-0.707107, 0, 0.707107, 0, 1, 0, -0.707107, 0, -0.707107, 14, 0, -18)

[node name="Desk" parent="." instance=ExtResource("6_l6avw")]
transform = Transform3D(1, 0, 0, 0, 1, 0, 0, 0, 1, 7, 0, -14)

[node name="Desk2" parent="." instance=ExtResource("6_l6avw")]
transform = Transform3D(1, 0, 0, 0, 1, 0, 0, 0, 1, 7, 0, -16)

[node name="Pillar" parent="." instance=ExtResource("7_56xc7")]
transform = Transform3D(1, 0, 0, 0, 1, 0, 0, 0, 1, 12, 0, -8)

[node name="BigTable" parent="." instance=ExtResource("8_s1uaf")]
transform = Transform3D(0.330267, 0, -0.943887, 0, 1, 0, 0.943887, 0, 0.330267, 7, 0, 1.3)

[node name="Path3D" type="Path3D" parent="." groups=["guard_path"]]
curve = SubResource("Curve3D_s1uaf")

[node name="TSplit" parent="." instance=ExtResource("8_72xlt")]
transform = Transform3D(1, 0, 0, 0, 1, 0, 0, 0, 1, 12, 0, -8)

[node name="DeadEnd" parent="." instance=ExtResource("9_40buo")]
transform = Transform3D(-1, 0, -8.74228e-08, 0, 1, 0, 8.74228e-08, 0, -1, 20, 0, -8)

[node name="AssetsCorkboard" type="MeshInstance3D" parent="."]
transform = Transform3D(-1, 0, -8.74228e-08, 0, 1, 0, 8.74228e-08, 0, -1, 16, 3, -16)
mesh = ExtResource("10_2hwou")

[node name="AssetsPaperArrow" type="MeshInstance3D" parent="."]
transform = Transform3D(-4.37114e-08, -1, 0, 0.258819, -1.13133e-08, -0.965926, 0.965926, -4.2222e-08, 0.258819, 15.9, 3.14243, -16.3808)
mesh = ExtResource("11_w72f4")
